world: 7f544235-d086-4d3d-aac0-0c05d757a45f
world-name: world_the_end
x: 0.4888679700303895
y: 69.0
z: 0.5877912721510682
yaw: 0.1316928267478943
pitch: -2.6993536949157715
name: pvp
lastowner: f3316bc1-8e62-359a-ab2d-1290bd146ae4
