world: 60ec8a2a-3985-44fd-bbc6-5eed6301df6a
world-name: world
x: -59.478928174505754
y: 72.0
z: 184.5337123881482
yaw: -89.92308807373047
pitch: -0.4074550271034241
name: sklep
lastowner: f3316bc1-8e62-359a-ab2d-1290bd146ae4
